0 0.5553206233307719 1.7550138810183853 2
1 1.3180705688428134 1.0278229869436473 2
2 2.1535853224340826 1.2681964107323438 2
3 2.9239052776247263 1.5635612059850246 3
4 1.2019452257081866 0.04904477298259735 2
5 2.5731170000508428 2.67859725211747 1
6 0.9377414274495095 2.4026570313144475 1
7 2.4799550897441804 1.211197612574324 2
8 2.0719230570830405 0.06679774657823145 3
9 0.8125218939967453 0.3672952994238585 0
10 2.408650154946372 2.6902589458040893 1
11 2.2134444708935916 0.262905094306916 1
12 2.910377419553697 0.5994686542544514 1
13 0.5922312056645751 0.8247299557551742 1
14 1.8013316332362592 2.4448532103560865 2
15 2.212217970052734 1.819463487714529 1
16 1.4464831659570336 1.1113815929275006 1
17 1.007130330428481 1.562021894613281 0
18 2.673813421977684 0.4049782322254032 2
19 0.7448097593151033 1.9981004961300641 1
20 1.2599076374899596 0.5844152052886784 2
21 0.6093676462769508 1.7600784867536277 2
22 1.2883586722891778 1.1196911407168955 0
23 1.2359298239462078 0.02204290358349681 0
24 0.2995274893473834 1.2250789396930486 3
25 2.863023034064099 2.203269244870171 1
26 2.7428046092391014 1.1481545981951058 1
27 1.149010644061491 1.800779728218913 1
28 2.7843412337824702 0.9471116331405938 3
29 0.4801362070720643 1.6209251617547125 3
30 0.8385007227770984 1.417755424277857 2
31 1.6996520664542913 1.797024337342009 2
32 1.0375553837511688 2.1859035578090698 0
33 0.9972028518095613 2.8755819518119097 0
34 0.6023518850561231 2.5014380018692464 0
35 1.6148231076076627 2.459832624066621 2
36 0.22525581694208086 0.06727922684513032 2
37 1.6282789497636259 2.8062112061306834 2
38 1.304808618267998 1.4600085387937725 3
39 2.015509792836383 1.7834877711720765 0
40 0.3524544455576688 2.1322476693894714 1
41 1.3132530141156167 0.004682749975472689 2
42 0.10409168363548815 2.770039737923071 0
43 2.1226223073899746 2.5157952569425106 3
44 0.6039413942489773 2.237261481815949 0
45 2.7247181211132556 0.47197806648910046 3
46 2.8163854493759573 1.8516303396318108 1
47 0.5457385866902769 2.918559808982536 2
48 2.713961412431672 2.511772588128224 1
49 0.23341640434227884 2.4336791352834553 1
50 1.7812599807512015 2.1267044828273356 3
51 0.9062145883217454 2.4301255862228572 2
52 0.7484671615529805 2.9183316794224083 1
53 1.5324546047486365 0.030488305259495974 3
54 0.25238250056281686 1.1695954122114927 3
55 1.9161442816257477 0.8402514271438122 3
56 1.4900923795066774 0.8137089558877051 0
57 2.871078615775332 1.8540682175662369 0
58 0.8643658405635506 2.4153256297577173 2
59 2.582648760639131 2.6071111019700766 0
60 0.7435707889962941 2.886906797066331 0
61 1.915713456692174 1.5779991906601936 2
62 2.537427012110129 1.0492447558790445 0
63 0.9872783375903964 1.3136990529019386 3
64 2.346351911081001 1.8374639921821654 0
65 2.689049986889586 0.02224898594431579 3
66 2.1331949061714113 1.2088749438989908 1
67 1.3599248395767063 1.2137085115537047 2
68 2.281345991883427 1.8843485412653536 2
69 1.5062471015844494 1.859955657972023 0
70 2.2535987400915474 1.5214857514947653 1
71 1.531048103235662 2.0273963883519173 3
72 1.7846743224654347 1.493122567422688 2
73 0.8015133196022362 0.2518395243678242 3
74 1.8169650798663497 0.968913575867191 3
75 1.952220356091857 2.7971863760612905 2
76 2.240504873218015 2.8602849883027375 3
77 0.19842569553293288 2.069946529576555 3
78 0.9504032568074763 2.7182555780746043 3
79 1.68151397514157 0.8855767026543617 0
80 2.509508869377896 1.2103471281006932 1
81 2.5858658901415765 1.7227575948927552 1
82 1.069605313707143 2.5738392155617476 0
83 0.6628944107796997 2.1531941208522767 0
84 2.9925673955585808 1.7380413610953838 2
85 2.1678689774125814 1.337433101143688 1
86 0.012021160684525967 0.422560972860083 2
87 2.428932266542688 1.6369366217404604 2
88 2.4307153068948537 1.3786186531651765 1
89 2.509589850436896 2.282160404138267 2
90 1.3842435856349766 1.663672775728628 1
91 1.3166890335269272 2.7860161126591265 2
92 0.13153948565013707 0.70215087197721 2
93 2.3276032162830234 1.581601754995063 2
94 0.9825881430879235 2.5110467767808586 2
95 1.287805994739756 0.19915884104557335 0
96 0.0981344087049365 1.5614547939039767 2
97 1.9933473409619182 1.731728933751583 0
98 2.8216195420827717 1.346959350630641 1
99 1.5570760499686003 0.05746394209563732 0 